E
0 14 1
0 0 0
9 0 0
9 1 0
1 1 0
1 7 0
7 7 0
7 8 0
1 8 0
1 13 0
9 13 0
9 14 0
0 14 0
-1 -1 -1
F
0 14 1
0 0 0
9 0 0
9 1 0
1 1 0
1 7 0
7 7 0
7 8 0
1 8 0
1 14 0
0 14 0
-1 -1 -1
G
0 12 1
0 2 0
2 0 0
7 0 0
9 2 0
9 4 0
8 4 0
8 2 0
7 1 0
2 1 0
1 2 0
1 12 0
2 13 0
8 13 0
8 8 0
5 8 0
5 7 0
9 7 0
9 14 0
7 14 0
2 14 0
0 12 0
-1 -1 -1
H
0 14 1
0 0 0
1 0 0
1 7 0
8 7 0
8 0 0
9 0 0
9 14 0
8 14 0
8 8 0
1 8 0
1 14 0
0 14 0
-1 -1 -1
K
0 14 1
0 0 0
1 0 0
1 7 0
7 7 0
8 6 0
8 0 0
9 0 0
9 6 0
8 7 0
8 8 0
9 9 0
9 14 0
8 14 0
8 9 0
7 8 0
1 8 0
1 14 0
0 14 0
-1 -1 -1
N
0 14 1
0 0 0
1 0 0
8 12 0
8 0 0
9 0 0
9 14 0
8 14 0
1 2 0
1 14 0
0 14 0
-1 -1 -1
O
0 12 1
0 2 0
2 0 0
7 0 0
9 2 0
9 12 0
7 14 0
2 14 0
0 12 0
1 12 1
1 2 0
2 1 0
7 1 0
8 2 0
8 12 0
7 13 0
2 13 0
1 12 0
-1 -1 -1
I
0 14 1
0 13 0
2 13 0
2 1 0
0 1 0
0 0 0
5 0 0
5 1 0
3 1 0
3 13 0
5 13 0
5 14 0
0 14 0
-1 -1 -1
A
0 14 1
0 4 0
3 0 0
7 0 0
10 4 0
10 14 0
8 14 0
8 10 0
2 10 0
2 14 0
0 14 0
2 8 1
2 5 0
5 1 0
8 5 0
8 8 0
2 8 0
-1 -1 -1
W
0 14 1
0 12 1
0 0 0
2 0 0
2 12 0
3 13 0
4 13 0
5 12 0
5 4 0
7 4 0
7 12 0
8 13 0
9 13 0
10 12 0
10 0 0
12 0 0
12 12 0
10 14 0
7 14 0
6 13 0
6 13 0
5 14 0
2 14 0
0 12 0
-1 -1 -1
Q
0 14 1
0 12 1
0 2 0
2 0 0
8 0 0
10 2 0
10 12 0
12 12 0
12 14 0
10 14 0
9 13 0
8 14 0
2 14 0
0 12 0
2 11 1
2 3 0
3 2 0
7 2 0
8 3 0
8 11 0
7 12 0
3 12 0
2 11 0
-1 -1 -1
M
0 14 1
0 0 0
2 0 0
6 8 0
10 0 0
12 0 0
12 14 0
10 14 0
10 4 0
7 10 0
5 10 0
2 4 0
2 14 0
0 14 0
-1 -1 -1
B
0 14 1
0 0 0
8 0 0
10 2 0
10 6 0
9 7 0
10 8 0
10 12 0
8 14 0
0 14 0
2 8 1
2 12 0
7 12 0
8 12 0
8 9 0
7 8 0
2 8 0
2 6 1
7 6 0
8 5 0
8 3 0
7 2 0
2 2 0
2 6 0
-1 -1 -1
C
0 14 1
0 12 1
0 2 0
2 0 0
8 0 0
10 2 0
10 3 0
8 3 0
8 2 0
7 2 0
3 2 0
2 3 0
2 11 0
3 12 0
7 12 0
8 12 0
8 11 0
10 11 0
10 12 0
8 14 0
2 14 0
0 12 0
-1 -1 -1
D
0 14 1
0 0 0
8 0 0
10 2 0
10 12 0
8 14 0
0 14 0
2 12 1
2 2 0
7 2 0
8 3 0
8 11 0
7 12 0
2 12 0
-1 -1 -1
Y
0 14 1
0 6 1
0 0 0
2 0 0
2 5 0
5 8 0
5 8 0
8 5 0
8 0 0
10 0 0
10 6 0
6 10 0
6 14 0
4 14 0
4 10 0
0 6 0
-1 -1 -1
Z
0 14 1
0 12 0
8 2 0
0 2 0
0 0 0
10 0 0
10 2 0
2 12 0
10 12 0
10 14 0
0 14 0
-1 -1 -1
J
0 14 1
0 12 1
0 11 0
2 11 0
2 12 0
3 13 0
5 13 0
6 12 0
6 0 0
8 0 0
8 12 0
6 14 0
2 14 0
0 12 0
-1 -1 -1
L
0 14 1
0 0 0
2 0 0
2 12 0
8 12 0
8 14 0
0 14 0
-1 -1 -1
P
0 14 1
0 0 0
8 0 0
10 2 0
10 6 0
8 8 0
2 8 0
2 14 0
0 14 0
2 6 1
2 2 0
7 2 0
8 3 0
8 5 0
7 6 0
2 6 0
-1 -1 -1
R
0 14 1
0 0 0
8 0 0
10 2 0
10 6 0
9 7 0
10 8 0
10 14 0
8 14 0
8 9 0
7 8 0
2 8 0
2 14 0
0 14 0
2 6 1
2 2 0
7 2 0
8 3 0
8 5 0
7 6 0
2 6 0
-1 -1 -1
S
0 14 1
0 12 1
0 11 0
2 11 0
2 12 0
3 12 0
7 12 0
8 12 0
8 9 0
7 8 0
2 8 0
0 6 0
0 2 0
2 0 0
8 0 0
10 2 0
10 3 0
8 3 0
8 2 0
7 2 0
3 2 0
2 3 0
2 5 0
3 6 0
8 6 0
10 8 0
10 12 0
8 14 0
2 14 0
0 12 0
-1 -1 -1
T
0 14 1
4 14 1
4 2 0
0 2 0
0 0 0
10 0 0
10 2 0
6 2 0
6 14 0
4 14 0
-1 -1 -1
U
0 12 1
0 0 0
2 0 0
2 11 0
3 12 0
7 12 0
8 11 0
8 0 0
10 0 0
10 12 0
8 14 0
2 14 0
0 12 0
-1 -1 -1
V
0 10 1
0 0 0
2 0 0
2 9 0
4 11 0
6 11 0
8 9 0
8 0 0
10 0 0
10 10 0
6 14 0
4 14 0
0 10 0
-1 -1 -1
X
0 14 1
0 9 0
3 7 0
0 5 0
0 0 0
2 0 0
2 3 0
5 6 0
5 6 0
8 3 0
8 0 0
10 0 0
10 5 0
7 7 0
10 9 0
10 14 0
8 14 0
8 11 0
5 8 0
5 8 0
2 11 0
2 14 0
0 14 0
-1 -1 -1
